0.000000000000000000e+00 2.032827114110816513e+00
1.001001001001000992e-02 2.254905053956138161e+00
2.002002002002001985e-02 2.101233336861393131e+00
3.003003003003002977e-02 1.949491673777887124e+00
4.004004004004003969e-02 2.179094646741908559e+00
5.005005005005004615e-02 1.977827867136478845e+00
6.006006006006005954e-02 1.941962229699342846e+00
7.007007007007007293e-02 1.887968602349222369e+00
8.008008008008007939e-02 1.879282027933557364e+00
9.009009009009008584e-02 1.928162571786859347e+00
1.001001001001000923e-01 1.906102393167180553e+00
1.101101101101101126e-01 1.854659776656285564e+00
1.201201201201201191e-01 1.894848811979828573e+00
1.301301301301301394e-01 1.849997320560501146e+00
1.401401401401401459e-01 1.770499995703361584e+00
1.501501501501501523e-01 1.993462459659886665e+00
1.601601601601601588e-01 1.965832561770224141e+00
1.701701701701701652e-01 1.902180002471081766e+00
1.801801801801801717e-01 1.785204403341493551e+00
1.901901901901901781e-01 1.741011405041796856e+00
2.002002002002001846e-01 1.931317186684004206e+00
2.102102102102102188e-01 1.640345418784036058e+00
2.202202202202202252e-01 1.662812104244978162e+00
2.302302302302302317e-01 1.657184846748369855e+00
2.402402402402402382e-01 1.834891179507069037e+00
2.502502502502502724e-01 1.606430100445415121e+00
2.602602602602602788e-01 1.818649653667601562e+00
2.702702702702702853e-01 1.628419079386330903e+00
2.802802802802802917e-01 1.575638435507933144e+00
2.902902902902902982e-01 1.621069627908676924e+00
3.003003003003003046e-01 1.611878727770810871e+00
3.103103103103103111e-01 1.505740629434131117e+00
3.203203203203203175e-01 1.544939369048196065e+00
3.303303303303303240e-01 1.509803500180317615e+00
3.403403403403403304e-01 1.460678566168339909e+00
3.503503503503503369e-01 1.607686218717653936e+00
3.603603603603603434e-01 1.554363555922879003e+00
3.703703703703703498e-01 1.519600206566671385e+00
3.803803803803803563e-01 1.474397545989896141e+00
3.903903903903903627e-01 1.536731790978396628e+00
4.004004004004003692e-01 1.617097133921202801e+00
4.104104104104104311e-01 1.412484555539140318e+00
4.204204204204204376e-01 1.402246171766848848e+00
4.304304304304304440e-01 1.364887212391694193e+00
4.404404404404404505e-01 1.421991281430593279e+00
4.504504504504504570e-01 1.443243311920676231e+00
4.604604604604604634e-01 1.391885448756489119e+00
4.704704704704704699e-01 1.491331529179530158e+00
4.804804804804804763e-01 1.531427158303058089e+00
4.904904904904904828e-01 1.502788487193128741e+00
5.005005005005005447e-01 1.223501555589306289e+00
5.105105105105105512e-01 1.210718388207619123e+00
5.205205205205205576e-01 1.217371939689905203e+00
5.305305305305305641e-01 1.233282139558000923e+00
5.405405405405405705e-01 1.208288806573983409e+00
5.505505505505505770e-01 1.412872110811093318e+00
5.605605605605605835e-01 1.228287698161783181e+00
5.705705705705705899e-01 1.309446089087134446e+00
5.805805805805805964e-01 1.157893687243507497e+00
5.905905905905906028e-01 1.297310703956101374e+00
6.006006006006006093e-01 1.131385436876624961e+00
6.106106106106106157e-01 1.090987977535448739e+00
6.206206206206206222e-01 1.361414160125724804e+00
6.306306306306306286e-01 1.205456266578674551e+00
6.406406406406406351e-01 1.335118627194736396e+00
6.506506506506506415e-01 1.215199622794810752e+00
6.606606606606606480e-01 1.084675004689435562e+00
6.706706706706706544e-01 1.310420140754731122e+00
6.806806806806806609e-01 1.021405727963525356e+00
6.906906906906906674e-01 1.227067604730301964e+00
7.007007007007006738e-01 1.210353332090709610e+00
7.107107107107106803e-01 1.048612705357317099e+00
7.207207207207206867e-01 1.025954869509634548e+00
7.307307307307306932e-01 1.080594465599437060e+00
7.407407407407406996e-01 1.080870475287799337e+00
7.507507507507507061e-01 1.024668377551506193e+00
7.607607607607607125e-01 1.057970414875955667e+00
7.707707707707707190e-01 1.170711528539645663e+00
7.807807807807807254e-01 9.181789483351415759e-01
7.907907907907907319e-01 9.158631700815330623e-01
8.008008008008007383e-01 1.160578448139116814e+00
8.108108108108108558e-01 9.535498438204269567e-01
8.208208208208208623e-01 1.108907271556905272e+00
8.308308308308308687e-01 9.405757553220087663e-01
8.408408408408408752e-01 1.056606165000721687e+00
8.508508508508508816e-01 9.101298670277104819e-01
8.608608608608608881e-01 1.124677776825615982e+00
8.708708708708708945e-01 8.742338562586996487e-01
8.808808808808809010e-01 1.093094679733070729e+00
8.908908908908909074e-01 9.021904494387245066e-01
9.009009009009009139e-01 9.555702136203192421e-01
9.109109109109109204e-01 8.647604542114242232e-01
9.209209209209209268e-01 8.972911676054667884e-01
9.309309309309309333e-01 9.643544743340251024e-01
9.409409409409409397e-01 8.307129347952881826e-01
9.509509509509509462e-01 8.852824601171492835e-01
9.609609609609609526e-01 8.053233417464042976e-01
9.709709709709709591e-01 7.844748681681991131e-01
9.809809809809809655e-01 7.576606947309590945e-01
9.909909909909909720e-01 1.010691999846947020e+00
1.001001001001001089e+00 1.008686955638630867e+00
1.011011011011011096e+00 1.014206692867311466e+00
1.021021021021021102e+00 9.949683703373867205e-01
1.031031031031031109e+00 8.872243851349919108e-01
1.041041041041041115e+00 9.402562096851243556e-01
1.051051051051051122e+00 8.912499421285203782e-01
1.061061061061061128e+00 8.542932776648126669e-01
1.071071071071071135e+00 7.037061297950797378e-01
1.081081081081081141e+00 6.928255191828620596e-01
1.091091091091091148e+00 9.402690992317653818e-01
1.101101101101101154e+00 8.353127466972878334e-01
1.111111111111111160e+00 7.971659256206043986e-01
1.121121121121121167e+00 8.594920693617402740e-01
1.131131131131131173e+00 8.016936754680911159e-01
1.141141141141141180e+00 7.946443518822265961e-01
1.151151151151151186e+00 8.671302569580978670e-01
1.161161161161161193e+00 9.183147758171237296e-01
1.171171171171171199e+00 7.152015029778888699e-01
1.181181181181181206e+00 7.868184785248761859e-01
1.191191191191191212e+00 6.740979761405945236e-01
1.201201201201201219e+00 7.822671831853111879e-01
1.211211211211211225e+00 6.191552263151400837e-01
1.221221221221221231e+00 8.343967846006826727e-01
1.231231231231231238e+00 6.733369293340728534e-01
1.241241241241241244e+00 6.695895767758341943e-01
1.251251251251251251e+00 8.214683334699042216e-01
1.261261261261261257e+00 5.747278315235733182e-01
1.271271271271271264e+00 7.295234107847290428e-01
1.281281281281281270e+00 7.458747479339877806e-01
1.291291291291291277e+00 5.862066316413375722e-01
1.301301301301301283e+00 8.241174127814610006e-01
1.311311311311311290e+00 5.540739877679865533e-01
1.321321321321321296e+00 7.605416390766029933e-01
1.331331331331331302e+00 6.484317075675618547e-01
1.341341341341341309e+00 6.351169126267369736e-01
1.351351351351351315e+00 6.860341341379831981e-01
1.361361361361361322e+00 6.467183691275583124e-01
1.371371371371371328e+00 7.243884711980510538e-01
1.381381381381381335e+00 7.073956146779010190e-01
1.391391391391391341e+00 5.419250031102552656e-01
1.401401401401401348e+00 7.178024428490363817e-01
1.411411411411411354e+00 6.179844629272044365e-01
1.421421421421421361e+00 5.530831487290299719e-01
1.431431431431431367e+00 5.063178346576588940e-01
1.441441441441441373e+00 5.079641484337380497e-01
1.451451451451451380e+00 5.078866266794493933e-01
1.461461461461461386e+00 4.790503718028035762e-01
1.471471471471471393e+00 7.484064766854134909e-01
1.481481481481481399e+00 6.001586468858384205e-01
1.491491491491491406e+00 6.926406204688867474e-01
1.501501501501501412e+00 6.983521589556656028e-01
1.511511511511511419e+00 5.759520030232943011e-01
1.521521521521521425e+00 5.851838849161812295e-01
1.531531531531531432e+00 6.562171586186001937e-01
1.541541541541541438e+00 6.956379415500431040e-01
1.551551551551551444e+00 5.199234379621118229e-01
1.561561561561561451e+00 5.151716256922693749e-01
1.571571571571571457e+00 6.130882041406382488e-01
1.581581581581581464e+00 6.533447648624509663e-01
1.591591591591591470e+00 4.671913260355474717e-01
1.601601601601601477e+00 5.240059600703956821e-01
1.611611611611611705e+00 4.529765896257699209e-01
1.621621621621621712e+00 6.868986864226569455e-01
1.631631631631631718e+00 6.026473197802291182e-01
1.641641641641641725e+00 4.538121702766477750e-01
1.651651651651651731e+00 6.319555333386193130e-01
1.661661661661661737e+00 4.576670158082932760e-01
1.671671671671671744e+00 6.703694260660963966e-01
1.681681681681681750e+00 5.081929327910157390e-01
1.691691691691691757e+00 5.679890866947482353e-01
1.701701701701701763e+00 4.332768943955925267e-01
1.711711711711711770e+00 4.873175487917961179e-01
1.721721721721721776e+00 3.927324987482934127e-01
1.731731731731731783e+00 5.007557153470156841e-01
1.741741741741741789e+00 4.675503453532835474e-01
1.751751751751751796e+00 5.243630309591607030e-01
1.761761761761761802e+00 6.146820067501663765e-01
1.771771771771771808e+00 5.607497001237389256e-01
1.781781781781781815e+00 4.879672202676018644e-01
1.791791791791791821e+00 5.007806191375526739e-01
1.801801801801801828e+00 4.065814614808183070e-01
1.811811811811811834e+00 3.916670772473081485e-01
1.821821821821821841e+00 5.006069361450449229e-01
1.831831831831831847e+00 5.636612774050773211e-01
1.841841841841841854e+00 3.171502994721947521e-01
1.851851851851851860e+00 3.169423359783366534e-01
1.861861861861861867e+00 5.496436648773134204e-01
1.871871871871871873e+00 5.402361185474829908e-01
1.881881881881881879e+00 3.997907857979482449e-01
1.891891891891891886e+00 3.777639000899364330e-01
1.901901901901901892e+00 4.785660355305825231e-01
1.911911911911911899e+00 5.292694119728766911e-01
1.921921921921921905e+00 4.873280332562558437e-01
1.931931931931931912e+00 4.316205152559724478e-01
1.941941941941941918e+00 5.498099974879490093e-01
1.951951951951951925e+00 5.837272666507294927e-01
1.961961961961961931e+00 3.426905095133681023e-01
1.971971971971971938e+00 3.548341053902850373e-01
1.981981981981981944e+00 5.376711548499892857e-01
1.991991991991991950e+00 3.172439527372427626e-01
2.002002002002002179e+00 5.100049126904471208e-01
2.012012012012012185e+00 5.149557458120329612e-01
2.022022022022022192e+00 4.077934275623713578e-01
2.032032032032032198e+00 5.555849657569786881e-01
2.042042042042042205e+00 2.995504542889023680e-01
2.052052052052052211e+00 5.295310338147753981e-01
2.062062062062062218e+00 3.728326038918623464e-01
2.072072072072072224e+00 5.252170408854202055e-01
2.082082082082082231e+00 4.665556424468725316e-01
2.092092092092092237e+00 5.150807567806291454e-01
2.102102102102102243e+00 3.201873377341785676e-01
2.112112112112112250e+00 2.672201734629506276e-01
2.122122122122122256e+00 4.891376477865893024e-01
2.132132132132132263e+00 2.925249519147289923e-01
2.142142142142142269e+00 3.839522330367022840e-01
2.152152152152152276e+00 3.311831134316681191e-01
2.162162162162162282e+00 2.393865598795667793e-01
2.172172172172172289e+00 4.735179690073333392e-01
2.182182182182182295e+00 4.393778792713247117e-01
2.192192192192192302e+00 2.484371562008326206e-01
2.202202202202202308e+00 4.683246339354739662e-01
2.212212212212212314e+00 2.712553161426849990e-01
2.222222222222222321e+00 3.413135941686989971e-01
2.232232232232232327e+00 2.290752039819136110e-01
2.242242242242242334e+00 2.146724683850341764e-01
2.252252252252252340e+00 3.077350549094279852e-01
2.262262262262262347e+00 4.028669963113151731e-01
2.272272272272272353e+00 4.242551765300294209e-01
2.282282282282282360e+00 2.376280655467812308e-01
2.292292292292292366e+00 2.569516763002573922e-01
2.302302302302302373e+00 4.388219711608740692e-01
2.312312312312312379e+00 4.144331880267150270e-01
2.322322322322322385e+00 4.076925860183515660e-01
2.332332332332332392e+00 4.589224345693877494e-01
2.342342342342342398e+00 3.935209041291442555e-01
2.352352352352352405e+00 3.804691986690385552e-01
2.362362362362362411e+00 3.635313778841613441e-01
2.372372372372372418e+00 3.315851267327706298e-01
2.382382382382382424e+00 1.874843204752880410e-01
2.392392392392392431e+00 2.286306090780816092e-01
2.402402402402402437e+00 4.729881182312018484e-01
2.412412412412412444e+00 4.696711730140541996e-01
2.422422422422422450e+00 2.774774500966914470e-01
2.432432432432432456e+00 4.075501851372751450e-01
2.442442442442442463e+00 1.806252706157563115e-01
2.452452452452452469e+00 2.866133149599732199e-01
2.462462462462462476e+00 2.495576388484309904e-01
2.472472472472472482e+00 4.479503854906732863e-01
2.482482482482482489e+00 1.978725438514914170e-01
2.492492492492492495e+00 3.630026236939977169e-01
2.502502502502502502e+00 2.392449158980571866e-01
2.512512512512512508e+00 2.353164726071699242e-01
2.522522522522522515e+00 4.194648303387420452e-01
2.532532532532532521e+00 2.966926081482913480e-01
2.542542542542542527e+00 3.276735891091259179e-01
2.552552552552552534e+00 3.404133525888354828e-01
2.562562562562562540e+00 1.847117423700104788e-01
2.572572572572572547e+00 3.422823176580342963e-01
2.582582582582582553e+00 3.410473119078473170e-01
2.592592592592592560e+00 2.164959725167228677e-01
2.602602602602602566e+00 2.353937023777403215e-01
2.612612612612612573e+00 3.582529523789907966e-01
2.622622622622622579e+00 3.171862106649896984e-01
2.632632632632632586e+00 2.084811952836116977e-01
2.642642642642642592e+00 3.336444548228013618e-01
2.652652652652652598e+00 3.524267884140125373e-01
2.662662662662662605e+00 3.570504198702678655e-01
2.672672672672672611e+00 1.518342334287694495e-01
2.682682682682682618e+00 3.243918216766202844e-01
2.692692692692692624e+00 3.914616087282405399e-01
2.702702702702702631e+00 3.375379077489933932e-01
2.712712712712712637e+00 4.321682460625488331e-01
2.722722722722722644e+00 2.547948035877652950e-01
2.732732732732732650e+00 1.696711150316493610e-01
2.742742742742742657e+00 3.828287812147787017e-01
2.752752752752752663e+00 2.320957019097732998e-01
2.762762762762762669e+00 3.577216279890437223e-01
2.772772772772772676e+00 1.495341332707903204e-01
2.782782782782782682e+00 3.368226041756117173e-01
2.792792792792792689e+00 2.331215750144462751e-01
2.802802802802802695e+00 1.492736570840229038e-01
2.812812812812812702e+00 3.384835532968934468e-01
2.822822822822822708e+00 3.999727865002914995e-01
2.832832832832832715e+00 3.338542125567228736e-01
2.842842842842842721e+00 1.389037448877860070e-01
2.852852852852852727e+00 3.655913521418128198e-01
2.862862862862862734e+00 2.632771688152585332e-01
2.872872872872872740e+00 3.796797032018509599e-01
2.882882882882882747e+00 2.168780203498004155e-01
2.892892892892892753e+00 2.637425091018675838e-01
2.902902902902902760e+00 2.448175331159339052e-01
2.912912912912912766e+00 3.372361895869536164e-01
2.922922922922922773e+00 4.058167480262822036e-01
2.932932932932932779e+00 3.553171891263019466e-01
2.942942942942942786e+00 2.646889778005244720e-01
2.952952952952952792e+00 3.526263190657661917e-01
2.962962962962962798e+00 3.203760744907257485e-01
2.972972972972972805e+00 1.494805883131454238e-01
2.982982982982982811e+00 2.807789025460934451e-01
2.992992992992992818e+00 3.433647703995863498e-01
3.003003003003002824e+00 1.871427313738479037e-01
3.013013013013012831e+00 3.029452337415554641e-01
3.023023023023022837e+00 3.324365734032986852e-01
3.033033033033032844e+00 2.381134347812123297e-01
3.043043043043042850e+00 2.787526805299729848e-01
3.053053053053052857e+00 2.020831071980846716e-01
3.063063063063062863e+00 2.369192431348465244e-01
3.073073073073072869e+00 3.356738651316012456e-01
3.083083083083082876e+00 1.259331722822547295e-01
3.093093093093092882e+00 2.878406105384375691e-01
3.103103103103102889e+00 2.172580254855485116e-01
3.113113113113112895e+00 3.006357432805104035e-01
3.123123123123122902e+00 1.642839824627808087e-01
3.133133133133132908e+00 2.426783314249975065e-01
3.143143143143142915e+00 2.516304479822172313e-01
3.153153153153152921e+00 1.676894857751520251e-01
3.163163163163162928e+00 1.658905789238840356e-01
3.173173173173172934e+00 3.241333823415883941e-01
3.183183183183182940e+00 2.409289237672407880e-01
3.193193193193192947e+00 1.908797583350213545e-01
3.203203203203202953e+00 2.610106565845834448e-01
3.213213213213213404e+00 3.263458239811971584e-01
3.223223223223223410e+00 9.857073383036654701e-02
3.233233233233233417e+00 3.591979906406017053e-01
3.243243243243243423e+00 3.742102424456322241e-01
3.253253253253253430e+00 2.245684244843194621e-01
3.263263263263263436e+00 1.752842463019100017e-01
3.273273273273273443e+00 2.546641246020601157e-01
3.283283283283283449e+00 3.146985794847890761e-01
3.293293293293293456e+00 1.302134955276233463e-01
3.303303303303303462e+00 3.026965867511044461e-01
3.313313313313313468e+00 1.403810702514056707e-01
3.323323323323323475e+00 3.598895382315944746e-01
3.333333333333333481e+00 2.236430690997598114e-01
3.343343343343343488e+00 1.757539679687940837e-01
3.353353353353353494e+00 3.576085809240466817e-01
3.363363363363363501e+00 2.885342380037111409e-01
3.373373373373373507e+00 7.475088430105830684e-02
3.383383383383383514e+00 1.111279466654457038e-01
3.393393393393393520e+00 2.644777984660701131e-01
3.403403403403403527e+00 2.847788169491616839e-01
3.413413413413413533e+00 2.897117210950600485e-01
3.423423423423423539e+00 2.704244824757697230e-01
3.433433433433433546e+00 3.319307146939731168e-01
3.443443443443443552e+00 1.618879213707654918e-01
3.453453453453453559e+00 1.312929650034769247e-01
3.463463463463463565e+00 6.793595183206818655e-02
3.473473473473473572e+00 1.573646855424045143e-01
3.483483483483483578e+00 2.873508924064775982e-01
3.493493493493493585e+00 2.787913220314166551e-01
3.503503503503503591e+00 2.473264618092722023e-01
3.513513513513513598e+00 1.352330710118397616e-01
3.523523523523523604e+00 8.265380820551179730e-02
3.533533533533533610e+00 1.740288280866592041e-01
3.543543543543543617e+00 8.289285882187130694e-02
3.553553553553553623e+00 3.036390799645136696e-01
3.563563563563563630e+00 1.388286499450130107e-01
3.573573573573573636e+00 1.409200464801814712e-01
3.583583583583583643e+00 1.796107683733920712e-01
3.593593593593593649e+00 2.487654886348146521e-01
3.603603603603603656e+00 1.536737620495371159e-01
3.613613613613613662e+00 2.203413405801910308e-01
3.623623623623623669e+00 2.645374512469463868e-01
3.633633633633633675e+00 7.336637860529422739e-02
3.643643643643643681e+00 5.309220899876308103e-02
3.653653653653653688e+00 2.563816176322913920e-01
3.663663663663663694e+00 1.437318138001964229e-01
3.673673673673673701e+00 1.618992680316136412e-01
3.683683683683683707e+00 9.186802799020613031e-02
3.693693693693693714e+00 2.600340398779483198e-01
3.703703703703703720e+00 2.646026938066262657e-01
3.713713713713713727e+00 9.782854442946267715e-02
3.723723723723723733e+00 2.095521016469275577e-01
3.733733733733733740e+00 2.724959671030316444e-01
3.743743743743743746e+00 1.801941269978179494e-01
3.753753753753753752e+00 3.243735709063906847e-01
3.763763763763763759e+00 6.105844370157736956e-02
3.773773773773773765e+00 2.720427246442184699e-01
3.783783783783783772e+00 1.249606197851630962e-01
3.793793793793793778e+00 1.116051130297406602e-01
3.803803803803803785e+00 2.755128023691572614e-01
3.813813813813813791e+00 1.212805721702820416e-01
3.823823823823823798e+00 1.596913388667270950e-01
3.833833833833833804e+00 1.957072128452743975e-01
3.843843843843843811e+00 1.811166333349110147e-01
3.853853853853853817e+00 2.146337103941665936e-01
3.863863863863863823e+00 7.286639378979406501e-02
3.873873873873873830e+00 1.038765707084092493e-01
3.883883883883883836e+00 2.093808901322738170e-01
3.893893893893893843e+00 2.115377354327540038e-01
3.903903903903903849e+00 4.842260396320141602e-02
3.913913913913913856e+00 1.110582076572166343e-01
3.923923923923923862e+00 2.030612368537336454e-01
3.933933933933933869e+00 1.783213621821618522e-01
3.943943943943943875e+00 3.216336441087857545e-01
3.953953953953953881e+00 8.875702337627869309e-02
3.963963963963963888e+00 2.012618060281605170e-01
3.973973973973973894e+00 3.162570427832840370e-01
3.983983983983983901e+00 5.862098236816491031e-02
3.993993993993993907e+00 2.417327263102239943e-01
4.004004004004004358e+00 3.111718229624419463e-01
4.014014014014014364e+00 5.761902748889187464e-02
4.024024024024024371e+00 2.604702616533707826e-01
4.034034034034034377e+00 3.219486922341267543e-01
4.044044044044044384e+00 2.990703633681260909e-01
4.054054054054054390e+00 2.095330812277214072e-01
4.064064064064064397e+00 2.592873747450337163e-01
4.074074074074074403e+00 2.190672512377994929e-01
4.084084084084084409e+00 2.917451788415053038e-01
4.094094094094094416e+00 1.742508059447741009e-01
4.104104104104104422e+00 1.658427361659703947e-01
4.114114114114114429e+00 1.801915385709804140e-01
4.124124124124124435e+00 9.571875070005594899e-02
4.134134134134134442e+00 2.066799582075214969e-01
4.144144144144144448e+00 7.509592828921796137e-02
4.154154154154154455e+00 2.427194434963223513e-01
4.164164164164164461e+00 1.509580156186730582e-01
4.174174174174174468e+00 2.730018111218882604e-01
4.184184184184184474e+00 2.401971917111442867e-01
4.194194194194194480e+00 6.170462651973808443e-02
4.204204204204204487e+00 6.614832268948891980e-02
4.214214214214214493e+00 8.026050517153407449e-02
4.224224224224224500e+00 2.642810060791648263e-01
4.234234234234234506e+00 1.824249437640716454e-01
4.244244244244244513e+00 3.293629390272710677e-02
4.254254254254254519e+00 8.305396898525591043e-02
4.264264264264264526e+00 6.915463327421579598e-02
4.274274274274274532e+00 2.915433763402937584e-01
4.284284284284284539e+00 2.718996828188254278e-01
4.294294294294294545e+00 1.834637925100120470e-01
4.304304304304304551e+00 2.879946490565790662e-01
4.314314314314314558e+00 2.605159136697757227e-01
4.324324324324324564e+00 2.732689368084668113e-01
4.334334334334334571e+00 9.172418472405284573e-02
4.344344344344344577e+00 3.046219731191543989e-01
4.354354354354354584e+00 1.011197177942698561e-01
4.364364364364364590e+00 3.037744866396824284e-01
4.374374374374374597e+00 5.133555037824913403e-02
4.384384384384384603e+00 3.126626726484929009e-01
4.394394394394394610e+00 2.069819101339909484e-01
4.404404404404404616e+00 2.178351420281378348e-01
4.414414414414414622e+00 3.092974532971140555e-01
4.424424424424424629e+00 2.263428597565653178e-01
4.434434434434434635e+00 5.951567686272653951e-02
4.444444444444444642e+00 1.872143059902620366e-01
4.454454454454454648e+00 2.215897671512834510e-01
4.464464464464464655e+00 4.959488164953186617e-02
4.474474474474474661e+00 1.659309115099611709e-01
4.484484484484484668e+00 8.273625289463792942e-02
4.494494494494494674e+00 2.680567901921153129e-01
4.504504504504504681e+00 3.126980992772134815e-01
4.514514514514514687e+00 2.782485304935203296e-01
4.524524524524524693e+00 6.901091499859421385e-02
4.534534534534534700e+00 2.460193186939197973e-01
4.544544544544544706e+00 3.173226145247383112e-01
4.554554554554554713e+00 1.408100612516581807e-01
4.564564564564564719e+00 1.507803743616382142e-01
4.574574574574574726e+00 7.800408587023974216e-02
4.584584584584584732e+00 1.416719495373048032e-01
4.594594594594594739e+00 8.047629783051772623e-02
4.604604604604604745e+00 2.350113036783082199e-01
4.614614614614614752e+00 7.047992887210281776e-02
4.624624624624624758e+00 7.355632980097913387e-02
4.634634634634634764e+00 2.176698889049300256e-01
4.644644644644644771e+00 8.822329103054094013e-02
4.654654654654654777e+00 9.730354425432491405e-02
4.664664664664664784e+00 2.266973408158312331e-01
4.674674674674674790e+00 1.092370993569958398e-01
4.684684684684684797e+00 1.418964414854657630e-01
4.694694694694694803e+00 2.938851049696238338e-01
4.704704704704704810e+00 1.438261224279674122e-01
4.714714714714714816e+00 4.554790573370226525e-02
4.724724724724724823e+00 3.025266199896005648e-01
4.734734734734734829e+00 2.402755070006969695e-01
4.744744744744744835e+00 2.491399189658317637e-01
4.754754754754754842e+00 1.306072284356520896e-01
4.764764764764764848e+00 7.291684086306206292e-02
4.774774774774774855e+00 2.246870562841774555e-01
4.784784784784784861e+00 2.200606589623735621e-01
4.794794794794794868e+00 2.343320206180030119e-02
4.804804804804804874e+00 1.967561830504157561e-01
4.814814814814814881e+00 2.286191671142310811e-01
4.824824824824824887e+00 1.884322348264440838e-01
4.834834834834834894e+00 2.562207993911240211e-01
4.844844844844844900e+00 2.475349007113453181e-01
4.854854854854854906e+00 1.033195465764951415e-01
4.864864864864864913e+00 1.861183847922734946e-01
4.874874874874874919e+00 1.237496496839969318e-01
4.884884884884884926e+00 1.202756896213303395e-01
4.894894894894894932e+00 1.909293530271150008e-01
4.904904904904904939e+00 1.941210278206508683e-02
4.914914914914914945e+00 2.760273056977260442e-01
4.924924924924924952e+00 2.835219367922311995e-01
4.934934934934934958e+00 1.976217435527611310e-01
4.944944944944944965e+00 2.153098267484673256e-01
4.954954954954954971e+00 1.783027659228403061e-01
4.964964964964964977e+00 1.964424788242560005e-01
4.974974974974974984e+00 1.785550794721859624e-01
4.984984984984984990e+00 8.513637310132109171e-02
4.994994994994994997e+00 1.220987634202912592e-01
5.005005005005005003e+00 1.337869037253813231e-01
5.015015015015015010e+00 1.099228666755885514e-01
5.025025025025025016e+00 1.560305594506801452e-01
5.035035035035035023e+00 2.028675252134416185e-01
5.045045045045045029e+00 2.788182013435027140e-01
5.055055055055055035e+00 2.459472278511645182e-01
5.065065065065065042e+00 1.211546059045756074e-01
5.075075075075075048e+00 1.199237688060263984e-01
5.085085085085085055e+00 8.831925328885327497e-02
5.095095095095095061e+00 2.836235965730750097e-01
5.105105105105105068e+00 1.772902732135517995e-02
5.115115115115115074e+00 2.092326575151539358e-01
5.125125125125125081e+00 4.535827088490997083e-02
5.135135135135135087e+00 2.843560512918867911e-01
5.145145145145145094e+00 3.012242092836540652e-01
5.155155155155155100e+00 1.418812369023179643e-01
5.165165165165165106e+00 5.328915284994558549e-02
5.175175175175175113e+00 1.013563806191119104e-01
5.185185185185185119e+00 2.372929076971543039e-01
5.195195195195195126e+00 2.710681426748428047e-01
5.205205205205205132e+00 2.822017293057316883e-02
5.215215215215215139e+00 2.362737264586937669e-01
5.225225225225225145e+00 1.135505635171230043e-01
5.235235235235235152e+00 2.370464888637465739e-01
5.245245245245245158e+00 1.206703609732006077e-01
5.255255255255255165e+00 1.251537676738805616e-01
5.265265265265265171e+00 2.220862612552088611e-01
5.275275275275275177e+00 8.546819584671121184e-02
5.285285285285285184e+00 2.178590172407352255e-01
5.295295295295295190e+00 1.439491240695691121e-01
5.305305305305305197e+00 3.533498059106401912e-02
5.315315315315315203e+00 2.180463679531003951e-01
5.325325325325325210e+00 2.684490757628029134e-01
5.335335335335335216e+00 1.817355666499002598e-01
5.345345345345345223e+00 1.155583934086176351e-01
5.355355355355355229e+00 1.253188216801249810e-01
5.365365365365365236e+00 7.209006705577962471e-02
5.375375375375375242e+00 6.807073107661622269e-02
5.385385385385385248e+00 1.131898592390192665e-01
5.395395395395395255e+00 1.458879173864366663e-01
5.405405405405405261e+00 8.429489870488145187e-02
5.415415415415415268e+00 1.670839096580187255e-01
5.425425425425425274e+00 1.770678178943578263e-01
5.435435435435435281e+00 2.352667697073988762e-01
5.445445445445445287e+00 5.123124554395403624e-02
5.455455455455455294e+00 2.318623581340172046e-02
5.465465465465465300e+00 2.053378991943919374e-01
5.475475475475475307e+00 2.092266063480930638e-01
5.485485485485485313e+00 2.669460725790269162e-01
5.495495495495495319e+00 7.829339248862073053e-02
5.505505505505505326e+00 1.624441193342594791e-01
5.515515515515515332e+00 5.804664871719247138e-02
5.525525525525525339e+00 6.947950039150477264e-02
5.535535535535535345e+00 1.229765200955969112e-01
5.545545545545545352e+00 2.222452153820019816e-01
5.555555555555555358e+00 2.436982720395701740e-01
5.565565565565565365e+00 1.730934387381314332e-01
5.575575575575575371e+00 1.566790801119792853e-01
5.585585585585585378e+00 2.868426717472765120e-01
5.595595595595595384e+00 2.754695714515043026e-01
5.605605605605605390e+00 1.568846198679131054e-01
5.615615615615615397e+00 1.103448076472374750e-01
5.625625625625625403e+00 1.824027107909087231e-01
5.635635635635635410e+00 3.021100843265573932e-01
5.645645645645645416e+00 5.867009295958840187e-02
5.655655655655655423e+00 2.722128195246900986e-02
5.665665665665665429e+00 1.090139021463873703e-01
5.675675675675675436e+00 2.669736935051042481e-02
5.685685685685685442e+00 2.169102493218161287e-01
5.695695695695695449e+00 2.184636140422078210e-01
5.705705705705705455e+00 1.600171197050677119e-01
5.715715715715715461e+00 3.002726639295034139e-01
5.725725725725725468e+00 8.496598497576078601e-02
5.735735735735735474e+00 1.924629641606599162e-01
5.745745745745745481e+00 6.952433921146566886e-02
5.755755755755755487e+00 1.172560405702644526e-01
5.765765765765765494e+00 5.441767228362802411e-02
5.775775775775775500e+00 2.975405049556754250e-02
5.785785785785785507e+00 4.239768337283029986e-02
5.795795795795795513e+00 1.381091079779108166e-01
5.805805805805805520e+00 8.715265808740051134e-02
5.815815815815815526e+00 2.656614087686313685e-01
5.825825825825825532e+00 5.665464643050464877e-02
5.835835835835835539e+00 9.984432995629471952e-02
5.845845845845845545e+00 2.130640091224256516e-01
5.855855855855855552e+00 1.783120881355954035e-01
5.865865865865865558e+00 9.156636520886132086e-03
5.875875875875875565e+00 6.917102761486157436e-02
5.885885885885885571e+00 2.585999458428006048e-01
5.895895895895895578e+00 6.628056387272435179e-02
5.905905905905905584e+00 7.903401957809810807e-02
5.915915915915915591e+00 2.665795977060541611e-01
5.925925925925925597e+00 1.457373456637612585e-01
5.935935935935935603e+00 1.416428497799499531e-01
5.945945945945945610e+00 2.462649858691405846e-01
5.955955955955955616e+00 6.105710619363428210e-02
5.965965965965965623e+00 2.272824189964323394e-01
5.975975975975975629e+00 5.318492277611654856e-02
5.985985985985985636e+00 2.517596832093766390e-01
5.995995995995995642e+00 2.329683550749822862e-01
6.006006006006005649e+00 1.820168077705995313e-01
6.016016016016015655e+00 6.197776692008783589e-02
6.026026026026025662e+00 1.110664880627797446e-01
6.036036036036035668e+00 1.045849515945020819e-01
6.046046046046045674e+00 1.094450309406179087e-02
6.056056056056055681e+00 4.044994103297540333e-02
6.066066066066065687e+00 7.871791997069936542e-02
6.076076076076075694e+00 1.686623796569937939e-01
6.086086086086085700e+00 3.936077973615693948e-02
6.096096096096095707e+00 1.605546829242134321e-01
6.106106106106105713e+00 5.922762998052284733e-03
6.116116116116115720e+00 1.771115510864821885e-01
6.126126126126125726e+00 2.003427058917018819e-02
6.136136136136135732e+00 1.727781797558166077e-01
6.146146146146145739e+00 2.915374920907949918e-01
6.156156156156155745e+00 8.979354765976815811e-02
6.166166166166165752e+00 1.279132437863359784e-01
6.176176176176175758e+00 2.029327323957705875e-01
6.186186186186185765e+00 2.300127405492833621e-01
6.196196196196195771e+00 8.743120854295373390e-02
6.206206206206205778e+00 3.511710487490565802e-02
6.216216216216215784e+00 1.659525896680776880e-01
6.226226226226225791e+00 4.180623119101667395e-02
6.236236236236235797e+00 2.550190078875228528e-01
6.246246246246245803e+00 2.013071942886498489e-01
6.256256256256255810e+00 2.670086627698352033e-01
6.266266266266265816e+00 2.362734272391655774e-02
6.276276276276275823e+00 7.614513505442023489e-02
6.286286286286285829e+00 2.011902993218590285e-01
6.296296296296295836e+00 2.717925184929737559e-01
6.306306306306305842e+00 6.127102487745605952e-02
6.316316316316315849e+00 2.147699710421196728e-01
6.326326326326325855e+00 2.969953583105011674e-01
6.336336336336335862e+00 1.792255947308170616e-01
6.346346346346345868e+00 8.956833053975137016e-02
6.356356356356355874e+00 2.864110373458719772e-01
6.366366366366365881e+00 2.968433507856064746e-01
6.376376376376375887e+00 1.841825499042960557e-01
6.386386386386385894e+00 1.419820202577858903e-01
6.396396396396395900e+00 9.566744572751295639e-02
6.406406406406405907e+00 9.713433189035260151e-02
6.416416416416416801e+00 2.503334024403045532e-01
6.426426426426426808e+00 2.023722564369185434e-02
6.436436436436436814e+00 2.130941695981594664e-01
6.446446446446446821e+00 2.756022998990788619e-01
6.456456456456456827e+00 1.354228303415466184e-01
6.466466466466466834e+00 2.819491306184404578e-01
6.476476476476476840e+00 2.075519620892002370e-01
6.486486486486486847e+00 2.642117947061115579e-01
6.496496496496496853e+00 2.386761605225698746e-01
6.506506506506506859e+00 2.096493471113761442e-01
6.516516516516516866e+00 1.526333913248269225e-01
6.526526526526526872e+00 7.409038839949123878e-02
6.536536536536536879e+00 2.298892800069125275e-01
6.546546546546546885e+00 2.121909944871754050e-01
6.556556556556556892e+00 1.695924754651949584e-01
6.566566566566566898e+00 1.896301403563454002e-01
6.576576576576576905e+00 9.958582201224248920e-02
6.586586586586586911e+00 3.582994985057195297e-02
6.596596596596596918e+00 1.976611194352688727e-01
6.606606606606606924e+00 2.666607801813666856e-01
6.616616616616616930e+00 1.929544828488762021e-01
6.626626626626626937e+00 9.803580077335297127e-03
6.636636636636636943e+00 1.771092810919872584e-01
6.646646646646646950e+00 1.103879168193319243e-01
6.656656656656656956e+00 1.888901995482661911e-01
6.666666666666666963e+00 1.348354488689243180e-01
6.676676676676676969e+00 1.576236367879369493e-01
6.686686686686686976e+00 1.814502353837394999e-01
6.696696696696696982e+00 2.324497547813347276e-01
6.706706706706706989e+00 2.201864738063794846e-01
6.716716716716716995e+00 9.775902889465330758e-02
6.726726726726727001e+00 4.618700563944387605e-02
6.736736736736737008e+00 1.697531913486726926e-02
6.746746746746747014e+00 2.349427851949113244e-01
6.756756756756757021e+00 1.365897832581346449e-01
6.766766766766767027e+00 2.880377276680647358e-01
6.776776776776777034e+00 1.643904538242481339e-01
6.786786786786787040e+00 1.929164117422436930e-01
6.796796796796797047e+00 2.313206881348332522e-01
6.806806806806807053e+00 1.211748744670999023e-01
6.816816816816817060e+00 1.006481971773540984e-01
6.826826826826827066e+00 2.010660859607611151e-01
6.836836836836837072e+00 2.316646950238571701e-01
6.846846846846847079e+00 2.976501321487764334e-02
6.856856856856857085e+00 2.808099419755923781e-02
6.866866866866867092e+00 1.334683640602875865e-01
6.876876876876877098e+00 1.921096132662306610e-01
6.886886886886887105e+00 2.117193583670980706e-01
6.896896896896897111e+00 1.104956774795149560e-01
6.906906906906907118e+00 2.997515586797818155e-01
6.916916916916917124e+00 1.486462882313944744e-01
6.926926926926927131e+00 2.461230710292242885e-01
6.936936936936937137e+00 1.414607132459559380e-01
6.946946946946947143e+00 3.018864978627678886e-01
6.956956956956957150e+00 2.226846826380608768e-01
6.966966966966967156e+00 1.964441035786632095e-01
6.976976976976977163e+00 3.753779113934452294e-02
6.986986986986987169e+00 2.855325359797316054e-01
6.996996996996997176e+00 6.095832462857460332e-02
7.007007007007007182e+00 1.461091860843785617e-01
7.017017017017017189e+00 2.119002532880129297e-01
7.027027027027027195e+00 1.355513554063370874e-01
7.037037037037037202e+00 1.039062525817997240e-01
7.047047047047047208e+00 2.395800512266105797e-01
7.057057057057057214e+00 5.895086925441031522e-02
7.067067067067067221e+00 2.796198947675235247e-01
7.077077077077077227e+00 2.976887479046326779e-01
7.087087087087087234e+00 2.690403611879971235e-01
7.097097097097097240e+00 2.633960474448976963e-01
7.107107107107107247e+00 2.793175887634243848e-01
7.117117117117117253e+00 6.133091865110683327e-02
7.127127127127127260e+00 2.345629315901744394e-01
7.137137137137137266e+00 1.214006312839420870e-01
7.147147147147147273e+00 2.633700104973062395e-01
7.157157157157157279e+00 1.286804706760807104e-01
7.167167167167167285e+00 1.360593859546331275e-01
7.177177177177177292e+00 4.884497822648485588e-02
7.187187187187187298e+00 4.826885045792547735e-02
7.197197197197197305e+00 1.381132712305833399e-01
7.207207207207207311e+00 1.054532729170516436e-01
7.217217217217217318e+00 1.824506812550408599e-02
7.227227227227227324e+00 1.224105018515924126e-01
7.237237237237237331e+00 1.700654373523269314e-01
7.247247247247247337e+00 2.522976206841792690e-01
7.257257257257257343e+00 1.902155831877160724e-02
7.267267267267267350e+00 1.917636594986970033e-01
7.277277277277277356e+00 1.374447191776934363e-01
7.287287287287287363e+00 1.705994612753208850e-01
7.297297297297297369e+00 1.177728822499082700e-01
7.307307307307307376e+00 8.960203532687767425e-02
7.317317317317317382e+00 1.973628439207691931e-01
7.327327327327327389e+00 2.765378385196511912e-01
7.337337337337337395e+00 2.657577159980780701e-01
7.347347347347347402e+00 2.904689790135260227e-02
7.357357357357357408e+00 8.312188029238971876e-02
7.367367367367367414e+00 2.090434792704145769e-03
7.377377377377377421e+00 6.278006387030780899e-02
7.387387387387387427e+00 2.762038470510291277e-01
7.397397397397397434e+00 2.222596104584105836e-01
7.407407407407407440e+00 2.260560610354916122e-01
7.417417417417417447e+00 2.625754036739868513e-01
7.427427427427427453e+00 1.363281488917135464e-01
7.437437437437437460e+00 7.096632468221863999e-02
7.447447447447447466e+00 2.126375638071023588e-02
7.457457457457457473e+00 6.622689523010839852e-02
7.467467467467467479e+00 9.564817819127648113e-02
7.477477477477477485e+00 2.823443149652237194e-01
7.487487487487487492e+00 1.503099997556721079e-01
7.497497497497497498e+00 2.043281457900501807e-01
7.507507507507507505e+00 2.724719281101167442e-02
7.517517517517517511e+00 1.517509993901041965e-01
7.527527527527527518e+00 4.049560575413271163e-02
7.537537537537537524e+00 1.174047957466620995e-01
7.547547547547547531e+00 1.248420151954017232e-01
7.557557557557557537e+00 1.028549073711867157e-01
7.567567567567567544e+00 2.261396490422062366e-01
7.577577577577577550e+00 5.919426814684702887e-02
7.587587587587587556e+00 1.705031598378077828e-01
7.597597597597597563e+00 4.662309619347714679e-02
7.607607607607607569e+00 2.797100031635074147e-01
7.617617617617617576e+00 4.242584829693692855e-02
7.627627627627627582e+00 1.808777483495823124e-01
7.637637637637637589e+00 1.731939504979692138e-02
7.647647647647647595e+00 2.964644694276113435e-01
7.657657657657657602e+00 2.306573816507224151e-01
7.667667667667667608e+00 2.318685959248540374e-01
7.677677677677677615e+00 2.056801118566100040e-01
7.687687687687687621e+00 7.498759780178858303e-02
7.697697697697697627e+00 2.986802466574145498e-01
7.707707707707707634e+00 2.932177786366254590e-01
7.717717717717717640e+00 9.950806431057268586e-02
7.727727727727727647e+00 1.563554140183475716e-01
7.737737737737737653e+00 2.642067805223302090e-01
7.747747747747747660e+00 2.729795993837018653e-01
7.757757757757757666e+00 1.902553709473359944e-01
7.767767767767767673e+00 2.071126320549420974e-01
7.777777777777777679e+00 2.281266292466815615e-01
7.787787787787787686e+00 8.638555983198616117e-02
7.797797797797797692e+00 1.111921222990711333e-01
7.807807807807807698e+00 1.883241604024581961e-01
7.817817817817817705e+00 1.907728884797623148e-01
7.827827827827827711e+00 1.190919768235095405e-01
7.837837837837837718e+00 2.804175982476676543e-01
7.847847847847847724e+00 1.198435232933835540e-02
7.857857857857857731e+00 3.507987742403384512e-02
7.867867867867867737e+00 2.656815788089481045e-01
7.877877877877877744e+00 1.409618674330894404e-02
7.887887887887887750e+00 1.582108218559626356e-01
7.897897897897897757e+00 2.448973942433523288e-01
7.907907907907907763e+00 2.813098784973526167e-01
7.917917917917917769e+00 7.231792997047177540e-02
7.927927927927927776e+00 2.014874907836320533e-02
7.937937937937937782e+00 2.211046575497271627e-01
7.947947947947947789e+00 1.177316785215573730e-01
7.957957957957957795e+00 1.140964303969854432e-01
7.967967967967967802e+00 2.537579986760765682e-01
7.977977977977977808e+00 8.332756117262204998e-02
7.987987987987987815e+00 1.369595679267631982e-01
7.997997997997997821e+00 1.104844818790647054e-01
8.008008008008008716e+00 1.020010887368827945e-01
8.018018018018018722e+00 2.168914029948460498e-01
8.028028028028028729e+00 1.414573792442959110e-01
8.038038038038038735e+00 2.709150209653585217e-01
8.048048048048048742e+00 2.034892222646562943e-01
8.058058058058058748e+00 9.865350387788450817e-03
8.068068068068068754e+00 1.031902494300848405e-01
8.078078078078078761e+00 1.210207004850734069e-01
8.088088088088088767e+00 9.439749390415989871e-02
8.098098098098098774e+00 2.537312474069378654e-01
8.108108108108108780e+00 2.633573708308868944e-01
8.118118118118118787e+00 1.267991072739804437e-01
8.128128128128128793e+00 6.879137964041660835e-02
8.138138138138138800e+00 1.045068459521587695e-01
8.148148148148148806e+00 2.267061512451742367e-01
8.158158158158158813e+00 6.626070990263659144e-02
8.168168168168168819e+00 3.645315220511547577e-02
8.178178178178178825e+00 7.315002319661889326e-04
8.188188188188188832e+00 1.430126376419365297e-01
8.198198198198198838e+00 2.714837888290033141e-01
8.208208208208208845e+00 1.064938288105874570e-01
8.218218218218218851e+00 2.316325874909297977e-01
8.228228228228228858e+00 2.842786946707195894e-01
8.238238238238238864e+00 1.687867198536357194e-01
8.248248248248248871e+00 2.109920672696348476e-01
8.258258258258258877e+00 1.351198504506470055e-01
8.268268268268268884e+00 2.656260489209490427e-01
8.278278278278278890e+00 1.564152042410920651e-01
8.288288288288288896e+00 8.272111236192053463e-02
8.298298298298298903e+00 2.405387330185276840e-01
8.308308308308308909e+00 6.546474484555232787e-02
8.318318318318318916e+00 2.031141364217450666e-03
8.328328328328328922e+00 2.179389332552243014e-02
8.338338338338338929e+00 1.329492812263687596e-01
8.348348348348348935e+00 1.139903093033037690e-01
8.358358358358358942e+00 5.211521903219188540e-02
8.368368368368368948e+00 1.443184005610446963e-01
8.378378378378378954e+00 2.189893451136110669e-01
8.388388388388388961e+00 1.061183313746947611e-02
8.398398398398398967e+00 1.968186979295113298e-02
8.408408408408408974e+00 1.057273406406252919e-01
8.418418418418418980e+00 6.022232526320289714e-02
8.428428428428428987e+00 2.764782497708431208e-01
8.438438438438438993e+00 1.811254676390810225e-01
8.448448448448449000e+00 8.516095738706852547e-02
8.458458458458459006e+00 1.626283031511793487e-01
8.468468468468469013e+00 8.815643999071898218e-02
8.478478478478479019e+00 2.540514215685934496e-01
8.488488488488489025e+00 2.115578825101645521e-01
8.498498498498499032e+00 2.209250558565886147e-01
8.508508508508509038e+00 4.165440988222324226e-02
8.518518518518519045e+00 1.437730038316896441e-01
8.528528528528529051e+00 2.918435618178603086e-01
8.538538538538539058e+00 2.755243132090426372e-02
8.548548548548549064e+00 2.999269721287296520e-01
8.558558558558559071e+00 1.100395668099631713e-01
8.568568568568569077e+00 2.523214929567745846e-01
8.578578578578579084e+00 2.310772474734028303e-01
8.588588588588589090e+00 8.279172107721305407e-02
8.598598598598599096e+00 1.167888863545781808e-01
8.608608608608609103e+00 2.015331974338142873e-01
8.618618618618619109e+00 7.104914498521913702e-02
8.628628628628629116e+00 2.777746087592011803e-01
8.638638638638639122e+00 6.181107703880989179e-02
8.648648648648649129e+00 1.379289328585418528e-01
8.658658658658659135e+00 4.802810663339753677e-02
8.668668668668669142e+00 1.379751700432977624e-01
8.678678678678679148e+00 2.824648014379983474e-01
8.688688688688689155e+00 9.791317814591156410e-02
8.698698698698699161e+00 6.327950178000715797e-02
8.708708708708709167e+00 1.027270288860412245e-01
8.718718718718719174e+00 2.815992323973178987e-02
8.728728728728729180e+00 1.162919616146739638e-02
8.738738738738739187e+00 3.762310928559299376e-03
8.748748748748749193e+00 9.562406394041572666e-02
8.758758758758759200e+00 8.312764835021400900e-02
8.768768768768769206e+00 2.286621392773441064e-01
8.778778778778779213e+00 6.932217343126428899e-02
8.788788788788789219e+00 8.563551983007690327e-02
8.798798798798799226e+00 7.958540974894341702e-02
8.808808808808809232e+00 2.854280395014561211e-01
8.818818818818819238e+00 1.142868488830921375e-01
8.828828828828829245e+00 1.021049261508225336e-01
8.838838838838839251e+00 2.888061674236006571e-01
8.848848848848849258e+00 1.597944501751596413e-01
8.858858858858859264e+00 1.844123513155526001e-02
8.868868868868869271e+00 1.789495464280528303e-01
8.878878878878879277e+00 2.481887699081033183e-01
8.888888888888889284e+00 4.370001962484582753e-02
8.898898898898899290e+00 2.999588964385597190e-01
8.908908908908909297e+00 1.118716334814314900e-01
8.918918918918919303e+00 2.136229022959428014e-01
8.928928928928929309e+00 2.734244025018336410e-01
8.938938938938939316e+00 8.324848069208296009e-02
8.948948948948949322e+00 8.870524059549293738e-02
8.958958958958959329e+00 2.804979744720632606e-01
8.968968968968969335e+00 9.665728052182785690e-02
8.978978978978979342e+00 2.289028517208178959e-01
8.988988988988989348e+00 2.040119273793620791e-01
8.998998998998999355e+00 1.019820173222450305e-01
9.009009009009009361e+00 2.231406286516341986e-01
9.019019019019019368e+00 1.571636367656432109e-01
9.029029029029029374e+00 1.126582495953642321e-01
9.039039039039039380e+00 2.152500383335536338e-01
9.049049049049049387e+00 1.300798990222295226e-01
9.059059059059059393e+00 2.128220909653682491e-01
9.069069069069069400e+00 7.834859561559805174e-02
9.079079079079079406e+00 1.668684322847828472e-01
9.089089089089089413e+00 1.787825045677914337e-01
9.099099099099099419e+00 2.758241481753865854e-01
9.109109109109109426e+00 8.483599715463835400e-02
9.119119119119119432e+00 2.028298405993163994e-02
9.129129129129129439e+00 1.828127449796225490e-01
9.139139139139139445e+00 1.358754487254764109e-01
9.149149149149149451e+00 1.688967098905416742e-01
9.159159159159159458e+00 1.882772462241749933e-01
9.169169169169169464e+00 1.067023954436098349e-01
9.179179179179179471e+00 2.225194943309822537e-01
9.189189189189189477e+00 8.769908663176304020e-02
9.199199199199199484e+00 1.544563203606796331e-01
9.209209209209209490e+00 4.963740311659311372e-02
9.219219219219219497e+00 2.403840614347373672e-01
9.229229229229229503e+00 9.369257535503737466e-02
9.239239239239239510e+00 5.898511257256455753e-02
9.249249249249249516e+00 1.706895487353077556e-01
9.259259259259259522e+00 1.338626607351775799e-01
9.269269269269269529e+00 2.658062403027360854e-01
9.279279279279279535e+00 2.788604381033698010e-01
9.289289289289289542e+00 2.067998436364319181e-01
9.299299299299299548e+00 1.283774014480652259e-01
9.309309309309309555e+00 1.526868452365064688e-01
9.319319319319319561e+00 1.240617303233313706e-01
9.329329329329329568e+00 2.566675272767682259e-01
9.339339339339339574e+00 2.534382136099458949e-01
9.349349349349349581e+00 9.710521127070352587e-02
9.359359359359359587e+00 2.002558346119974741e-01
9.369369369369369593e+00 1.665560870247936032e-01
9.379379379379379600e+00 2.242912730259961993e-03
9.389389389389389606e+00 6.152456025120882355e-02
9.399399399399399613e+00 6.158101229781658831e-02
9.409409409409409619e+00 9.859656903381659732e-02
9.419419419419419626e+00 2.474345328354142243e-03
9.429429429429429632e+00 2.606901715541618536e-01
9.439439439439439639e+00 9.139717075945361091e-02
9.449449449449449645e+00 1.055508678044456555e-01
9.459459459459459651e+00 9.121193143307393392e-02
9.469469469469469658e+00 1.479491786620894811e-01
9.479479479479479664e+00 5.218877642760355595e-02
9.489489489489489671e+00 1.079923973987364505e-01
9.499499499499499677e+00 2.305345825203095889e-01
9.509509509509509684e+00 2.367683358654638914e-02
9.519519519519519690e+00 2.445840843873764159e-01
9.529529529529529697e+00 1.948529914383757278e-01
9.539539539539539703e+00 7.489183938523846784e-02
9.549549549549549710e+00 5.325044057373285594e-02
9.559559559559559716e+00 2.689144864306800345e-02
9.569569569569569722e+00 2.654035189163923558e-01
9.579579579579579729e+00 1.856993841145583302e-01
9.589589589589589735e+00 2.463290975802672755e-01
9.599599599599599742e+00 2.398040278552302784e-01
9.609609609609609748e+00 8.822465785996134319e-03
9.619619619619619755e+00 2.498206985075814013e-01
9.629629629629629761e+00 1.245963259558178632e-01
9.639639639639639768e+00 1.246299310170176367e-01
9.649649649649649774e+00 1.472378692115269838e-01
9.659659659659659781e+00 1.139075070966919477e-02
9.669669669669669787e+00 2.902438564844098678e-01
9.679679679679679793e+00 2.743445452159887221e-02
9.689689689689689800e+00 1.843279986078341925e-01
9.699699699699699806e+00 1.881542864605050824e-01
9.709709709709709813e+00 2.799665609142465428e-01
9.719719719719719819e+00 1.406402187509988577e-01
9.729729729729729826e+00 2.646349583888200074e-01
9.739739739739739832e+00 1.866933736586730841e-01
9.749749749749749839e+00 1.891043894984527907e-01
9.759759759759759845e+00 5.010832026982409149e-02
9.769769769769769852e+00 1.173176117850474182e-01
9.779779779779779858e+00 1.470509587243077343e-01
9.789789789789789864e+00 3.239715960614258233e-02
9.799799799799799871e+00 5.050036712927912647e-02
9.809809809809809877e+00 1.492438727122903945e-04
9.819819819819819884e+00 1.955193550324532403e-01
9.829829829829829890e+00 2.678637823627043613e-01
9.839839839839839897e+00 2.254905225349259357e-01
9.849849849849849903e+00 2.523655177532333482e-01
9.859859859859859910e+00 1.057453066413049647e-01
9.869869869869869916e+00 1.170586704626237207e-01
9.879879879879879923e+00 6.981142839108619991e-02
9.889889889889889929e+00 1.997413444072972943e-01
9.899899899899899935e+00 1.246773254060547786e-01
9.909909909909909942e+00 2.774904304505375063e-01
9.919919919919919948e+00 2.488847363606510321e-01
9.929929929929929955e+00 1.655498671339794836e-01
9.939939939939939961e+00 6.500227549883082212e-02
9.949949949949949968e+00 5.910736463971116156e-02
9.959959959959959974e+00 2.905048054577689942e-02
9.969969969969969981e+00 1.351192692222664415e-01
9.979979979979979987e+00 1.778996307467134441e-01
9.989989989989989994e+00 3.674414972072680835e-02
1.000000000000000000e+01 8.024020757032530871e-02
